--玩家每日刷怪经验上限
--从1级开始配置，每一行配置玩家每个等级对应的的每日刷怪获得经验上限
ExpUpLmtEveryDay =
{
84375,
118125,
168750,
236250,
320625,
421875,
540000,
675000,
826875,
995625,
1181250,
1383750,
1603125,
1839375,
2092500,
2362500,
2649375,
2953125,
3273750,
3611250,
3868902,
4130357,
4395349,
4663636,
4935000,
5209239,
5486170,
5765625,
6047449,
6331500,
6617647,
6905769,
7195755,
7487500,
7780909,
8075893,
8372368,
8670259,
8969492,
9270000,
9571721,
9874597,
10178571,
10483594,
10789615,
11096591,
11404478,
11713235,
12022826,
12333214,
12644366,
12956250,
13268836,
13582095,
13896000,
14210526,
14525649,
14841346,
15157595,
15474375,
15989063,
16512188,
17043750,
17583750,
18132187,
18689062,
19254375,
19828125,
20410312,
21000937,
21600000,
22207500,
22823437,
23447812,
24080625,
24721875,
25371562,
26029687,
26696250,
27371250,
28054687,
28746562,
29446875,
30155625,
30872812,
31598437,
32332500,
33075000,
33825937,
34585312,
35353125,
36129375,
36914062,
37707187,
38508750,
39318750,
40137187,
40964062,
41799375,
41799375,

}