--玩家升级需要的经验表
--其中第1排分别表示0-1,1-2,2-3...9-10需要的经验
--其他类似
LevelUpExp =
{
0,
100,
165,
234,
308,
390,
482,
585,
705,
844,
1000,
1211,
1455,
1757,
2133,
2606,
3202,
3959,
4925,
6161,
7745,
9782,
12403,
15782,
20142,
25770,
33042,
42441,
54592,
70308,
90638,
116940,
150974,
195016,
252015,
325787,
421270,
544860,
704833,
911907,
1179951,
1526924,
1976070,
2557480,
3310110,
4284384,
5545581,
7178202,
9291637,
12027493,
15569081,
20153700,
26088537,
33771248,
43716608,
56590995,
73257050,
94831468,
122759830,
158913457,
205714803,
266299764,
344727801,
446253943,
577680893,
747814844,
968055533,
1253160071,
1622231741,
2100000000,
2331000000,
2587400000,
2872000000,
3187900000,
3538600000,
3927800000,
4359900000,
4839500000,
5371800000,
5962700000,
6737900000,
7613800000,
8603600000,
9722100000,
10986000000,
12633900000,
14529000000,
16708400000,
19214700000,
22096900000,
25853400000,
30248500000,
35390700000,
41407100000,
48446300000,
56682200000,
66318200000,
77592300000,
90783000000,
106216100000,
124272800000,
145399200000,
170117100000,
199037000000,
232873300000,
272461800000,
318780300000,
372973000000,
436378400000,
510562700000,
597358400000,
698909300000,
817723900000,
956737000000,
1119382300000,
1309677300000,
1532322400000,
1792817200000,
2097596100000,
2454187400000,
2871399300000,
3359537200000,
3930658500000,
4598870400000,
5380678400000,
6295393700000,
7365610600000,
8617764400000,
10000000000000,
10000000000000,
10000000000000,
10000000000000,
10000000000000,
10000000000000,
10000000000000,
10000000000000,
10000000000000,
10000000000000,
10000000000000,
10000000000000,
10000000000000,
10000000000000,
10000000000000,
10000000000000,
10000000000000,
}