UseSexClothesTable=
{
	--item_id=道具id
	--num=增加转换装备件数 
	{item_id=1856, num=1,},
	--{item_id=200, num=5,},
}

ChangeSexClothesTable = 
{
	--武器,衣服(男女),头盔,项链,手镯,腰带,鞋子,宝石,戒指
	--填上需要转换的时装ID后，客户端配置也需要加上相应的ID（config/item/itemEnhance/ShieldUpgrade.txt）
	{
		{1195,1206,1217,227,238,249,574,1391,1593,1704,2196,2207,686,888,890,892,1236,1237,1238,1239,1240,1241,1242,1243,1244,1290,1291,1292,1293,1294,1295,1296,1297,1298,1308,1309,1310,1311,1312,1313,1314,1315,1316,1326,1327,1328,1329,1330,1331,1332,1333,1334,1344,1345,1346,1347,1348,1349,1350,1351,1352,1445,1446,1447,1448,1449,1450,1451,1452,1453,1454,1535,1596,1598,1688,1689,1690,1691,1696,1697,1698,1699,1722,685,1227,1228,1229,1230,1231,1232,1233,1234,1235,688,1254,1255,1256,1257,1258,1259,1260,1261,1262,691,1281,1282,1283,1284,1285,1286,1287,1288,1289,2846,2852,2853,2854,2855,2856,2857,2858,2859,2860,2927,2939,3194,3205,3430,3441},--男性时装
		{1196,1207,1218,228,239,250,575,1392,1594,1705,2197,2208,687,889,891,893,1245,1246,1247,1248,1249,1250,1251,1252,1253,1299,1300,1301,1302,1303,1304,1305,1306,1307,1317,1318,1319,1320,1321,1322,1323,1324,1325,1335,1336,1337,1338,1339,1340,1341,1342,1343,1353,1354,1355,1356,1357,1358,1359,1360,1361,1455,1456,1457,1458,1459,1460,1461,1462,1463,1464,1575,1597,1599,1692,1693,1694,1695,1700,1701,1702,1703,1723,689,1263,1264,1265,1266,1267,1268,1269,1270,1271,690,1272,1273,1274,1275,1276,1277,1278,1279,1280,689,1263,1264,1265,1266,1267,1268,1269,1270,1271,2847,2861,2862,2863,2864,2865,2897,2898,2899,2900,2928,2940,3195,3206,3431,3442},--女性时装
	},
	price	= 200,
}