--lua script
--活动的奖励使用经验库的形式配置，每个活动奖励根据库id，比例，vip加成的形式从这里取一点的经验奖励
--下面分别表示每个等级的标准活动经验，分为70级，以后如果搞80级的话，就直接在这个上面添加
--这个文件是引擎维护的，脚本里不要包含，避免脚本的文件过大

AllTaskExp = {
	--1,全天类经验,每行配置10个经验
	{
		1500, 2475, 3510, 4620, 5850, 7230, 8775, 10575, 12660, 15000,
		18165, 21825, 26355, 31995, 39090, 48030, 59385, 73875, 92415, 116175,
		146730, 186045, 236730, 302130, 386550, 495630, 636615, 818880, 1054620, 1359570,
		1754100, 2264610, 2925240, 3780225, 4886805, 5371193, 5904920, 6492833, 7140317, 7853258,
		8638180, 9502242, 10453336, 11500164, 12652283, 13920233, 15315601, 16851149, 18540922, 20400374,
		22446512, 24698053, 27175593, 29901798, 32901606, 36202464, 39834567, 43831146, 48228766, 53067661,
		58392102, 64250803, 70697368, 77790777, 85595929, 94184238, 103634279, 114032515, 126000000, 139860000,
		155244000, 172320000, 191274000, 212316000, 235668000, 261594000, 290370000, 322308000, 357762000, 397116000,
		440796000, 489282000, 543102000, 602844000, 669156000, 742764000, 824466000, 915156000, 1015824000, 1127562000,
		1251594000, 1389270000, 1542090000, 1711722000, 1900014000, 1900014000, 1900014000, 1900014000, 1900014000, 1900014000,
		1900014000, 1900014000, 1900014000, 1900014000, 1900014000, 1900014000, 1900014000, 1900014000, 1900014000, 1900014000,
		1900014000, 1900014000, 1900014000, 1900014000, 1900014000, 1900014000, 1900014000, 1900014000, 1900014000, 1900014000,
		1900014000, 1900014000, 1900014000, 1900014000, 1900014000, 1900014000, 1900014000, 1900014000, 1900014000, 1900014000,
		1900014000, 1900014000, 1900014000, 1900014000, 1900014000, 1900014000, 1900014000, 1900014000, 1900014000, 1900014000,
		1900014000, 1900014000, 1900014000, 1900014000, 1900014000, 1900014000, 1900014000, 1900014000, 1900014000, 1900014000,
		1900014000, 1900014000, 1900014000, 1900014000, 1900014000, 1900014000, 1900014000, 1900014000, 1900014000, 1900014000,
		1900014000, 1900014000, 1900014000, 1900014000, 1900014000, 1900014000, 1900014000, 1900014000, 1900014000, 1900014000,
		1900014000, 1900014000, 1900014000, 1900014000, 1900014000, 1900014000, 1900014000, 1900014000, 1900014000, 1900014000,
		1900014000, 1900014000, 1900014000, 1900014000, 1900014000, 1900014000, 1900014000, 1900014000, 1900014000, 1900014000,
		1900014000, 1900014000, 1900014000, 1900014000, 1900014000, 1900014000, 1900014000, 1900014000, 1900014000, 1900014000,
	},
	--2,时段类经验
	{
		2100, 3465, 4914, 6468, 8190, 10122, 12285, 14805, 17724, 21000,
		25431, 30555, 36897, 44793, 54726, 67242, 83139, 103425, 129381, 162645,
		205422, 260463, 331422, 422982, 541170, 693882, 891261, 1146432, 1476468, 1903398,
		2455740, 3170454, 4095336, 5292315, 6841527, 7740836, 8760327, 9915844, 11225406, 12709356,
		14390803, 16295886, 18454232, 20899418, 23669453, 26807415, 30362086, 34388736, 38949972, 44116705,
		49969262, 56598630, 64107872, 72613732, 82248443, 93161792, 105523439, 119525562, 135385840, 153350842,
		173699855, 196749227, 222857290, 252429924, 285926868, 323868873, 366845791, 415525747, 470665529, 457133895,
		443989580, 431222777, 418822495, 424632000, 471336000, 523188000, 580740000, 644616000, 715524000, 794232000,
		881592000, 978564000, 1086204000, 1205688000, 1338312000, 1485528000, 1648932000, 1830312000, 2031648000, 2255124000,
		2503188000, 2778540000, 3084180000, 3423444000, 3800028000, 3800028000, 3800028000, 3800028000, 3800028000, 3800028000,
		3800028000, 3800028000, 3800028000, 3800028000, 3800028000, 3800028000, 3800028000, 3800028000, 3800028000, 3800028000,
		3800028000, 3800028000, 3800028000, 3800028000, 3800028000, 3800028000, 3800028000, 3800028000, 3800028000, 3800028000,
		3800028000, 3800028000, 3800028000, 3800028000, 3800028000, 3800028000, 3800028000, 3800028000, 3800028000, 3800028000,
		3800028000, 3800028000, 3800028000, 3800028000, 3800028000, 3800028000, 3800028000, 3800028000, 3800028000, 3800028000,
		3800028000, 3800028000, 3800028000, 3800028000, 3800028000, 3800028000, 3800028000, 3800028000, 3800028000, 3800028000,
		3800028000, 3800028000, 3800028000, 3800028000, 3800028000, 3800028000, 3800028000, 3800028000, 3800028000, 3800028000,
		3800028000, 3800028000, 3800028000, 3800028000, 3800028000, 3800028000, 3800028000, 3800028000, 3800028000, 3800028000,
		3800028000, 3800028000, 3800028000, 3800028000, 3800028000, 3800028000, 3800028000, 3800028000, 3800028000, 3800028000,
		3800028000, 3800028000, 3800028000, 3800028000, 3800028000, 3800028000, 3800028000, 3800028000, 3800028000, 3800028000,
		3800028000, 3800028000, 3800028000, 3800028000, 3800028000, 3800028000, 3800028000, 3800028000, 3800028000, 3800028000,
	},
	--3,挂机类经验
	{
		69300, 69300, 138600, 138600, 207900, 207900, 277200, 277200, 346500, 346500,
		415800, 485100, 554400, 693000, 762300, 900900, 970200, 1108800, 1247400, 1386000,
		1524600, 1663200, 1801800, 2009700, 2148300, 2356200, 2494800, 2702700, 2910600, 3118500,
		3326400, 3534300, 4920300, 5197500, 5474700, 5751900, 6029100, 6375600, 6652800, 6999300,
		7345800, 7761600, 8108100, 8523900, 8870400, 9909900, 11157300, 12335400, 13652100, 15107400,
		16562700, 18087300, 19819800, 21621600, 23492700, 25571700, 27650700, 30006900, 32363100, 34927200,
		37629900, 40401900, 43381800, 46500300, 49965300, 53291700, 57103200, 61053300, 65142000, 69930000,
		77622000, 86160000, 95637000, 106158000, 117834000, 130797000, 145185000, 161154000, 178881000, 198558000,
		220398000, 244641000, 271551000, 301422000, 334578000, 371382000, 412233000, 457578000, 507912000, 563781000,
		625797000, 694635000, 771045000, 855861000, 950007000, 950007000, 950007000, 950007000, 950007000, 950007000,
		950007000, 950007000, 950007000, 950007000, 950007000, 950007000, 950007000, 950007000, 950007000, 950007000,
		950007000, 950007000, 950007000, 950007000, 950007000, 950007000, 950007000, 950007000, 950007000, 950007000,
		950007000, 950007000, 950007000, 950007000, 950007000, 950007000, 950007000, 950007000, 950007000, 950007000,
		950007000, 950007000, 950007000, 950007000, 950007000, 950007000, 950007000, 950007000, 950007000, 950007000,
		950007000, 950007000, 950007000, 950007000, 950007000, 950007000, 950007000, 950007000, 950007000, 950007000,
		950007000, 950007000, 950007000, 950007000, 950007000, 950007000, 950007000, 950007000, 950007000, 950007000,
		950007000, 950007000, 950007000, 950007000, 950007000, 950007000, 950007000, 950007000, 950007000, 950007000,
		950007000, 950007000, 950007000, 950007000, 950007000, 950007000, 950007000, 950007000, 950007000, 950007000,
		950007000, 950007000, 950007000, 950007000, 950007000, 950007000, 950007000, 950007000, 950007000, 950007000,
		950007000, 950007000, 950007000, 950007000, 950007000, 950007000, 950007000, 950007000, 950007000, 950007000,
	},
	--4,寻宝类经验
	{
		500000, 500000, 500000, 500000, 500000, 500000, 500000, 500000, 500000, 500000,
		500000, 500000, 500000, 500000, 500000, 500000, 500000, 500000, 500000, 500000,
		500000, 500000, 500000, 500000, 500000, 500000, 500000, 528000, 557568, 588792,
		621764, 656583, 693352, 732179, 773181, 816479, 862202, 910486, 961473, 1015315,
		1072173, 1132215, 1195619, 1262573, 1333277, 1407941, 1486786, 1570046, 1657968, 1750814,
		1848860, 1952396, 2061730, 2177187, 2299110, 2427860, 2563820, 2707394, 2859008, 3019113,
		3188183, 3366721, 3555257, 3754352, 3964596, 4186613, 4421063, 4668643, 4930087, 5206172,
		5497717, 5805589, 6130702, 6474022, 6836567, 7219415, 7623702, 8050629, 8501465, 8977547,
		9480289, 10000000, 10000000, 10000000, 10000000, 10000000, 10000000, 10000000, 10000000, 10000000,
		10000000, 10000000, 10000000, 10000000, 10000000, 10000000, 10000000, 10000000, 10000000, 10000000,
		10000000, 10000000, 10000000, 10000000, 10000000, 10000000, 10000000, 10000000, 10000000, 10000000,
		10000000, 10000000, 10000000, 10000000, 10000000, 10000000, 10000000, 10000000, 10000000, 10000000,
		10000000, 10000000, 10000000, 10000000, 10000000, 10000000, 10000000, 10000000, 10000000, 10000000,
		10000000, 10000000, 10000000, 10000000, 10000000, 10000000, 10000000, 10000000, 10000000, 10000000,
		10000000, 10000000, 10000000, 10000000, 10000000, 10000000, 10000000, 10000000, 10000000, 10000000,
		10000000, 10000000, 10000000, 10000000, 10000000, 10000000, 10000000, 10000000, 10000000, 10000000,
		10000000, 10000000, 10000000, 10000000, 10000000, 10000000, 10000000, 10000000, 10000000, 10000000,
		10000000, 10000000, 10000000, 10000000, 10000000, 10000000, 10000000, 10000000, 10000000, 10000000,
		10000000, 10000000, 10000000, 10000000, 10000000, 10000000, 10000000, 10000000, 10000000, 10000000,
	},

	{
		0, 0, 0, 0, 0, 0, 0, 0, 0, 0,
		0, 0, 0, 0, 0, 0, 0, 0, 0, 0,
		0, 0, 0, 0, 0, 0, 0, 0, 0, 0,
		33264, 35343, 49203, 51975, 54747, 57519, 60291, 63756, 66528, 69993,
		73458, 77616, 81081, 85239, 88704, 99099, 111573, 123354, 136521, 151074,
		165627, 180873, 198198, 216216, 234927, 255717, 276507, 300069, 323631, 349272,
		376299, 404019, 433818, 465003, 499653, 532917, 571032, 610533, 651420, 699300,
		776220, 861600, 956370, 1061580, 1178340, 1307970, 1451850, 1611540, 1788810, 1985580,
		2203980, 2446410, 2715510, 3014220, 3345780, 3713820, 4122330, 4575780, 5079120, 5637810,
		6257970, 6946350, 7710450, 8558610, 9500070, 9500070, 9500070, 9500070, 9500070, 9500070,
		9500070, 9500070, 9500070, 9500070, 9500070, 9500070, 9500070, 9500070, 9500070, 9500070,
		9500070, 9500070, 9500070, 9500070, 9500070, 9500070, 9500070, 9500070, 9500070, 9500070,
		9500070, 9500070, 9500070, 9500070, 9500070, 9500070, 9500070, 9500070, 9500070, 9500070,
		9500070, 9500070, 9500070, 9500070, 9500070, 9500070, 9500070, 9500070, 9500070, 9500070,
		9500070, 9500070, 9500070, 9500070, 9500070, 9500070, 9500070, 9500070, 9500070, 9500070,
		9500070, 9500070, 9500070, 9500070, 9500070, 9500070, 9500070, 9500070, 9500070, 9500070,
		9500070, 9500070, 9500070, 9500070, 9500070, 9500070, 9500070, 9500070, 9500070, 9500070,
		9500070, 9500070, 9500070, 9500070, 9500070, 9500070, 9500070, 9500070, 9500070, 9500070,
		9500070, 9500070, 9500070, 9500070, 9500070, 9500070, 9500070, 9500070, 9500070, 9500070,
		9500070, 9500070, 9500070, 9500070, 9500070, 9500070, 9500070, 9500070, 9500070, 9500070,
	},

}